time, Quad.IMU.AX
0.005000,0.552092
0.010000,0.073909
0.015000,0.523317
0.020000,-0.426588
0.025000,0.915925
0.030000,-0.297042
0.035000,0.181241
0.040000,-0.571194
0.045000,0.307487
0.050000,-1.088415
0.055000,-0.002584
0.060000,0.407097
0.065000,-0.804473
0.070000,0.970505
0.075000,0.592132
0.080000,0.169849
0.085000,0.484865
0.090000,0.753669
0.095000,-0.054955
0.100000,0.815502
0.105000,1.030227
0.110000,0.290115
0.115000,0.026443
0.120000,-0.171766
0.125000,-0.124573
0.130000,-1.028125
0.135000,-0.080942
0.140000,0.057965
0.145000,0.410903
0.150000,0.251727
0.155000,-0.606353
0.160000,0.444785
0.165000,-0.069880
0.170000,0.319287
0.175000,0.885192
0.180000,0.061823
0.185000,-0.651946
0.190000,-0.685760
0.195000,-0.032309
0.200000,0.685177
0.205000,-0.674007
0.210000,-0.508876
0.215000,0.147527
0.220000,-0.751157
0.225000,-0.189711
0.230000,0.078735
0.235000,-0.297000
0.240000,-0.246302
0.245000,-0.529166
0.250000,-0.072962
0.255000,-0.679655
0.260000,0.202045
0.265000,-0.262264
0.270000,-0.403102
0.275000,-0.502582
0.280000,0.093170
0.285000,0.255697
0.290000,-0.516125
0.295000,-0.278856
0.300000,-0.024046
0.305000,-0.302781
0.310000,0.611466
0.314999,-0.006241
0.319999,0.546370
0.324999,0.536796
0.329999,0.612295
0.334999,-0.092210
0.339999,-0.249189
0.344999,-0.020258
0.349999,-0.598128
0.354999,-0.173231
0.359999,0.154019
0.364999,0.535043
0.369999,1.191638
0.374999,0.296644
0.379999,-0.143763
0.384999,-0.593918
0.389999,0.319652
0.394998,0.206473
0.399998,0.009700
0.404998,-0.799373
0.409998,0.262430
0.414998,-0.204112
0.419998,0.457948
0.424998,0.113958
0.429998,-0.529594
0.434998,-0.312413
0.439998,-0.203948
0.444998,0.063210
0.449998,-0.977876
0.454998,-1.204116
0.459998,0.051812
0.464998,0.374671
0.469997,-0.546528
0.474997,-0.486556
0.479997,0.908558
0.484997,0.214337
0.489997,-0.599240
0.494997,-0.102740
0.499997,-0.257085
0.504997,0.337844
0.509997,-0.373252
0.514997,0.231378
0.519997,-0.093033
0.524997,0.016853
0.529997,-0.630796
0.534997,0.095730
0.539997,0.388021
0.544997,0.195499
0.549996,-0.615672
0.554996,0.057676
0.559996,-0.493259
0.564996,0.391206
0.569996,-0.879194
0.574996,-0.050042
0.579996,-0.079956
0.584996,-0.064324
0.589996,0.358550
0.594996,0.428330
0.599996,-0.980701
0.604996,0.047403
0.609996,-0.315681
0.614996,0.086343
0.619996,0.336870
0.624996,-0.286100
0.629995,0.476524
0.634995,0.059859
0.639995,-1.099688
0.644995,-0.142711
0.649995,0.264383
0.654995,0.576432
0.659995,-0.128358
0.664995,0.528475
0.669995,0.003884
0.674995,0.139184
0.679995,-0.655193
0.684995,0.005747
0.689995,-0.025074
0.694995,0.538150
0.699995,0.536151
0.704994,-0.268069
0.709994,0.584373
0.714994,-0.301171
0.719994,-0.072227
0.724994,0.693824
0.729994,-0.024298
0.734994,0.554197
0.739994,-0.747757
0.744994,0.557685
0.749994,-0.107337
0.754994,-0.265323
0.759994,0.188376
0.764994,0.359234
0.769994,-0.517657
0.774994,0.691910
0.779994,-0.129258
0.784993,-0.154766
0.789993,0.515672
0.794993,-0.956932
0.799993,-0.141242
0.804993,0.126914
0.809993,-0.407978
0.814993,-0.251462
0.819993,-0.198310
0.824993,0.428278
0.829993,0.038243
0.834993,0.283822
0.839993,0.032541
0.844993,0.612978
0.849993,-0.099973
0.854993,-0.118628
0.859993,-0.354803
0.864992,-0.171489
0.869992,-0.471493
0.874992,0.115664
0.879992,-0.086005
0.884992,-0.381985
0.889992,-0.658920
0.894992,-0.685295
0.899992,0.489607
0.904992,0.001469
0.909992,0.212717
0.914992,-0.306935
0.919992,-0.347388
0.924992,-0.232595
0.929992,0.501172
0.934992,-0.414629
0.939991,0.334643
0.944991,-0.203376
0.949991,1.288461
0.954991,-0.624674
0.959991,0.517015
0.964991,1.222769
0.969991,-0.697660
0.974991,0.995622
0.979991,-0.654180
0.984991,0.203659
0.989991,0.657893
0.994991,-0.587307
0.999991,0.264391
1.004991,0.165472
1.009991,0.017095
1.014991,0.944631
1.019992,0.613531
1.024992,-0.086620
1.029992,-0.678508
1.034992,0.010990
1.039993,-0.008189
1.044993,-0.052892
1.049993,0.710304
1.054993,-0.078487
1.059994,-0.162777
1.064994,-0.068211
1.069994,-0.299803
1.074994,-0.184748
1.079994,0.543563
1.084995,0.099156
1.089995,-0.150022
1.094995,-0.127063
1.099995,0.433034
1.104996,-0.167572
1.109996,0.480880
1.114996,-0.292253
1.119996,-0.153232
1.124997,-0.378671
1.129997,-0.828502
1.134997,0.331896
1.139997,0.131667
1.144997,-0.350441
1.149998,1.002527
1.154998,0.363947
1.159998,-0.028585
1.164998,-0.400836
1.169999,-0.157305
1.174999,0.426114
1.179999,0.228468
1.184999,-0.493457
1.190000,-0.461938
1.195000,-0.060430
1.200000,-0.187696
1.205000,0.057818
1.210001,0.084456
1.215001,-0.205174
1.220001,-0.828791
1.225001,0.712994
1.230001,0.020405
1.235002,-0.459169
1.240002,-0.530447
1.245002,-0.235625
1.250002,-1.017743
1.255003,0.264939
1.260003,0.927009
1.265003,-0.346537
1.270003,-0.043739
1.275004,0.521469
1.280004,0.456394
1.285004,0.303696
1.290004,-0.886569
1.295004,0.124557
1.300005,0.256600
1.305005,0.087445
1.310005,-0.497672
1.315005,0.090837
1.320006,-0.121550
1.325006,0.419567
1.330006,0.071684
1.335006,-0.198721
1.340007,0.301069
1.345007,-0.360463
1.350007,0.187591
1.355007,-0.668602
1.360008,-0.170039
1.365008,-0.099844
1.370008,-0.227171
1.375008,1.274041
1.380008,-0.510283
1.385009,0.281636
1.390009,-0.068662
1.395009,0.247009
1.400009,0.053281
1.405010,1.232186
1.410010,-0.089378
1.415010,-0.307113
1.420010,0.514207
1.425011,-0.312852
1.430011,0.948713
1.435011,-0.001971
1.440011,-0.090019
1.445011,0.542489
1.450012,0.046498
1.455012,-0.606934
1.460012,-0.167542
1.465012,0.265079
1.470013,0.252118
1.475013,0.724684
1.480013,-0.812654
1.485013,-0.413249
1.490014,0.472318
1.495014,0.601852
1.500014,0.181029
1.505014,0.093113
1.510015,0.488805
1.515015,-0.028454
1.520015,0.198212
1.525015,0.532752
1.530015,0.217675
1.535016,-0.840833
1.540016,0.016241
1.545016,-0.187890
1.550016,0.364170
1.555017,0.188460
1.560017,0.523445
1.565017,0.641791
1.570017,0.373008
1.575018,-0.914237
1.580018,-0.210703
1.585018,-0.664105
1.590018,-0.070698
1.595019,-0.183168
1.600019,-0.793098
1.605019,-0.008798
1.610019,-0.008947
1.615019,0.084702
1.620020,-1.113745
1.625020,-0.167272
1.630020,-0.480521
1.635020,0.604825
1.640021,0.417410
1.645021,-0.275703
1.650021,-0.593273
1.655021,-0.231562
1.660022,0.166856
1.665022,0.407579
1.670022,0.689937
1.675022,0.625804
1.680022,0.675376
1.685023,0.455834
1.690023,0.614005
1.695023,-0.044720
1.700023,0.016074
1.705024,-0.710645
1.710024,0.175432
1.715024,-0.146748
1.720024,-0.864436
1.725025,-0.161944
1.730025,-0.761183
1.735025,0.039923
1.740025,-0.051695
1.745026,0.327344
1.750026,0.094960
1.755026,-0.383290
1.760026,0.174295
1.765026,-0.061922
1.770027,0.238114
1.775027,-0.698017
1.780027,0.010449
1.785027,0.163411
1.790028,0.259864
1.795028,-0.215821
1.800028,0.451559
1.805028,-0.563123
1.810029,0.034361
1.815029,0.339433
1.820029,0.541009
1.825029,-0.375623
1.830029,0.101513
1.835030,-0.370113
1.840030,-0.547746
1.845030,0.501932
1.850030,0.310978
1.855031,-0.180735
1.860031,-0.762836
1.865031,-0.261550
1.870031,0.552475
1.875032,0.377511
1.880032,0.091799
1.885032,-0.209031
1.890032,-0.821503
1.895033,0.090619
1.900033,-0.156805
1.905033,-1.187150
1.910033,0.403813
1.915033,0.089083
1.920034,-0.600313
1.925034,0.101610
1.930034,0.623661
1.935034,-0.063054
1.940035,0.210484
1.945035,-0.045762
1.950035,0.422168
1.955035,-0.092374
1.960036,-0.417854
1.965036,-0.606097
1.970036,0.516447
1.975036,-0.428204
1.980036,-0.250897
1.985037,0.357863
1.990037,-0.361071
1.995037,0.358113
2.000037,0.138489
2.005037,-0.471991
2.010037,0.293541
2.015036,0.140611
2.020036,0.151945
2.025036,0.152090
2.030035,-0.430926
2.035035,0.548824
2.040035,0.321212
2.045034,-0.523602
2.050034,0.027840
2.055033,0.795868
2.060033,-0.242643
2.065033,-0.363074
2.070032,-0.041105
2.075032,-0.297556
2.080032,-0.428929
2.085031,0.557087
2.090031,0.061786
2.095031,-0.586239
2.100030,0.282692
2.105030,-0.176639
2.110029,0.882633
2.115029,-0.717680
2.120029,-0.301652
2.125028,-0.009097
2.130028,0.741458
2.135028,-0.334493
2.140027,-1.883568
2.145027,0.317254
2.150027,-0.233640
2.155026,0.155883
2.160026,0.502031
2.165025,-0.300250
2.170025,-0.692539
2.175025,-0.427335
2.180024,0.188832
2.185024,0.475170
2.190024,-0.052039
2.195023,0.322843
2.200023,-0.518380
2.205023,0.099533
2.210022,0.740971
2.215022,1.283388
2.220021,-0.250826
2.225021,-0.564938
2.230021,0.410080
2.235020,0.019443
2.240020,0.016067
2.245020,-0.521666
2.250019,-0.663523
2.255019,-0.912497
2.260019,-1.313605
2.265018,-0.153651
2.270018,0.224177
2.275017,0.352909
2.280017,0.791018
2.285017,-0.193832
2.290016,0.099048
2.295016,-0.671791
2.300016,0.957394
2.305015,0.108422
2.310015,0.835541
2.315015,0.408993
2.320014,1.040862
2.325014,0.221614
2.330014,-0.037846
2.335013,-0.118940
2.340013,-0.463298
2.345012,0.159038
2.350012,0.738687
2.355012,-0.378880
2.360011,0.306143
2.365011,-0.747514
2.370011,0.714015
2.375010,0.209608
2.380010,-0.067681
2.385010,-1.235900
2.390009,-0.369992
2.395009,0.023181
2.400008,0.108263
2.405008,-0.049030
2.410008,-0.283102
2.415007,-0.121110
2.420007,0.534981
2.425007,0.311653
2.430006,0.576078
2.435006,-0.400234
2.440006,-0.193800
2.445005,0.185646
2.450005,-0.103419
2.455004,0.651278
2.460004,0.409223
2.465004,-0.928088
2.470003,-0.653804
2.475003,-0.419610
2.480003,0.202811
2.485002,0.090727
2.490002,-0.924700
2.495002,-0.222468
2.500001,0.034837
2.505001,0.260654
2.510000,-0.026724
2.515000,-0.413955
2.520000,-0.029552
2.524999,-0.487806
2.529999,0.219787
2.534999,-0.639344
2.539998,0.086719
2.544998,0.070973
2.549998,-0.294439
2.554997,-0.333558
2.559997,-0.171469
2.564996,-0.162925
2.569996,-0.998592
2.574996,0.091031
2.579995,-0.335277
2.584995,0.256366
2.589995,0.402691
2.594994,-0.866572
2.599994,0.470857
2.604994,0.718697
2.609993,0.479372
2.614993,1.230562
2.619992,-0.180702
2.624992,0.801224
2.629992,-0.384720
2.634991,-0.587068
2.639991,0.850357
2.644991,0.616384
2.649990,-0.006633
2.654990,-0.206503
2.659990,0.363632
2.664989,0.282715
2.669989,-0.126387
2.674989,0.718803
2.679988,-0.729739
2.684988,-0.666374
2.689987,0.292878
2.694987,-0.577880
2.699987,-0.023200
2.704986,-0.569846
2.709986,0.284501
2.714986,-0.745559
2.719985,0.444832
2.724985,-0.321110
2.729985,0.629836
2.734984,0.453914
2.739984,-0.046425
2.744983,-0.527039
2.749983,-0.027368
2.754983,0.452932
2.759982,-0.544989
2.764982,0.066338
2.769982,0.238411
2.774981,0.286998
2.779981,0.645535
2.784981,0.504109
2.789980,-0.197757
2.794980,-0.108111
2.799979,0.033712
2.804979,-0.179318
2.809979,-0.371487
2.814978,0.064882
2.819978,0.161357
2.824978,-0.489364
2.829977,0.764742
2.834977,0.262004
2.839977,0.571725
2.844976,0.821471
2.849976,-0.434640
2.854975,-0.133335
2.859975,-0.042600
2.864975,-0.922218
2.869974,0.715201
2.874974,-0.483574
2.879974,0.164382
2.884973,0.334469
2.889973,-0.279119
2.894973,-0.183600
2.899972,0.559244
2.904972,-0.044360
2.909971,0.761719
2.914971,0.247149
2.919971,0.263797
2.924970,0.174291
2.929970,-0.615729
2.934970,-0.214164
2.939969,-0.066671
2.944969,-0.295034
2.949969,0.191164
2.954968,0.197783
2.959968,-0.854138
2.964967,0.168256
2.969967,0.012419
2.974967,0.466640
2.979966,-0.263874
2.984966,-0.451534
2.989966,-0.156068
2.994965,0.978952
2.999965,-1.212543
3.004965,0.344860
3.009964,0.837170
3.014964,-0.277556
3.019964,-0.337940
3.024963,0.267009
3.029963,-0.216064
3.034962,-0.413501
3.039962,0.124200
3.044962,0.070781
3.049961,0.612261
3.054961,-0.262874
3.059961,-0.436651
3.064960,-0.055464
3.069960,0.290859
3.074960,0.136375
3.079959,-0.574186
3.084959,0.398540
3.089958,-0.046389
3.094958,-1.037251
3.099958,-0.503217
3.104957,-0.377918
3.109957,0.009943
3.114957,0.032124
3.119956,-0.848373
3.124956,0.037786
3.129956,0.869347
3.134955,0.944492
3.139955,-0.094396
3.144954,-0.769651
3.149954,-1.106178
3.154954,0.418759
3.159953,-0.065288
3.164953,-0.291786
3.169953,-0.565742
3.174952,-0.010045
3.179952,0.146547
3.184952,-0.721725
3.189951,-0.351645
3.194951,0.789624
3.199950,-0.311371
3.204950,-0.457875
3.209950,0.651803
3.214949,0.295798
3.219949,-0.616939
3.224949,0.201774
3.229948,0.153041
3.234948,0.433065
3.239948,-0.504762
3.244947,-0.044973
3.249947,0.186548
3.254946,-0.183577
3.259946,-0.012414
3.264946,-0.688191
3.269945,-0.545404
3.274945,0.619389
3.279945,-0.897374
3.284944,-0.254441
3.289944,-0.146571
3.294944,-0.258702
3.299943,-0.299702
3.304943,-0.245721
3.309942,0.040379
3.314942,0.713718
3.319942,-1.014252
3.324941,0.007382
3.329941,0.796471
3.334941,-0.196619
3.339940,-0.580544
3.344940,0.052030
3.349940,-0.187309
3.354939,-0.431432
3.359939,-0.743170
3.364938,-0.071294
3.369938,-0.530779
3.374938,0.300386
3.379937,-0.006162
3.384937,-0.378467
3.389937,-0.997458
3.394936,-0.419316
3.399936,-0.715153
3.404936,0.705129
3.409935,0.047966
3.414935,0.016192
3.419935,0.331060
3.424934,0.687752
3.429934,-0.024420
3.434933,0.134645
3.439933,1.371600
3.444933,-0.169901
3.449932,-0.063110
3.454932,-0.179328
3.459932,0.476837
3.464931,-0.531297
3.469931,-0.342888
3.474931,0.966029
3.479930,-0.505439
3.484930,0.102631
3.489929,-0.250244
3.494929,0.173906
3.499929,0.299177
3.504928,-0.514819
3.509928,-0.493504
3.514928,-0.785859
3.519927,-0.578032
3.524927,0.682381
3.529927,-0.480818
3.534926,-0.207326
3.539926,-0.777584
3.544925,-0.275510
3.549925,-0.056410
3.554925,0.293791
3.559924,0.281436
3.564924,0.129371
3.569924,-0.212413
3.574923,0.003364
3.579923,-0.590923
3.584923,0.659935
3.589922,-0.734020
3.594922,0.069362
3.599921,0.474057
3.604921,0.366565
3.609921,0.838753
3.614920,0.201967
3.619920,0.101905
3.624920,-0.588741
3.629919,-1.094523
3.634919,0.900422
3.639919,0.721850
3.644918,0.168277
3.649918,-0.792872
3.654917,0.129699
3.659917,0.178547
3.664917,0.723091
3.669916,-0.292815
3.674916,0.069883
3.679916,-0.212920
3.684915,0.415167
3.689915,-0.634848
3.694915,0.081879
3.699914,-0.961291
3.704914,-1.087599
3.709913,1.382204
3.714913,0.660472
3.719913,-0.328701
3.724912,0.242189
3.729912,0.025068
3.734912,0.137308
3.739911,-0.559180
3.744911,0.427431
3.749911,0.530743
3.754910,0.336926
3.759910,-0.297834
3.764910,0.524519
3.769909,-0.004321
3.774909,0.528604
3.779908,0.189007
3.784908,-0.697898
3.789908,0.858352
3.794907,0.242968
3.799907,0.226471
3.804907,1.106386
3.809906,-0.984704
3.814906,-0.123730
3.819906,-0.634850
3.824905,0.554961
3.829905,-0.274818
3.834904,-0.574116
3.839904,-0.554539
3.844904,0.793817
3.849903,0.943704
3.854903,-0.223497
3.859903,-0.574415
3.864902,0.150026
3.869902,0.150234
3.874902,0.715881
3.879901,-0.532301
3.884901,-0.270119
3.889900,-0.877091
3.894900,0.260068
3.899900,0.200654
3.904899,-0.710036
3.909899,0.261961
3.914899,0.469573
3.919898,-0.717270
3.924898,0.408198
3.929898,-0.213255
3.934897,0.097006
3.939897,0.173196
3.944896,-0.224378
3.949896,-0.457206
3.954896,0.012946
3.959895,-0.804258
3.964895,-0.444963
3.969895,-0.390536
3.974894,0.230827
3.979894,0.427706
3.984894,-0.412817
3.989893,-0.110309
3.994893,1.018725
3.999892,-0.153596
4.004892,0.210985
4.009892,0.748554
4.014892,0.111876
4.019891,-0.439820
4.024891,0.649386
4.029891,-0.241306
4.034890,-0.262005
4.039890,-0.677799
4.044889,-0.400106
4.049889,-0.700746
4.054889,0.359631
4.059888,-0.108836
4.064888,-0.669045
4.069888,-0.177483
4.074887,0.212115
4.079887,-0.156150
4.084887,-0.068859
4.089886,0.584504
4.094886,-0.232092
4.099885,0.080941
4.104885,0.038563
4.109885,-0.211849
4.114884,-0.012594
4.119884,-0.121894
4.124884,-0.909034
4.129883,-0.345501
4.134883,0.147333
4.139883,-0.577039
4.144882,-0.585033
4.149882,1.003491
4.154881,0.703234
4.159881,0.415370
4.164881,-0.135956
4.169880,-0.564737
4.174880,0.165231
4.179880,0.411497
4.184879,-0.314596
4.189879,0.393496
4.194879,-0.385875
4.199878,-0.242732
4.204878,-0.882959
4.209877,0.389546
4.214877,-0.105993
4.219877,0.727021
4.224876,0.572706
4.229876,0.574348
4.234876,-0.427666
4.239875,0.798494
4.244875,-0.106232
4.249875,0.642881
4.254874,-0.625058
4.259874,-0.295568
4.264874,0.292055
4.269873,0.076847
4.274873,0.012174
4.279872,0.182830
4.284872,-0.130579
4.289872,-0.170149
4.294871,0.418837
4.299871,-0.152923
4.304871,0.251357
4.309870,-0.894258
4.314870,-0.505881
4.319870,-0.816156
4.324869,0.313400
4.329869,0.349777
4.334868,-0.125265
4.339868,0.702253
4.344868,-0.434504
4.349867,-0.296263
4.354867,0.528113
4.359867,-0.064775
4.364866,0.042617
4.369866,-0.364740
4.374866,0.004174
4.379865,-0.062074
4.384865,0.124681
4.389864,-0.549008
4.394864,0.590026
4.399864,0.340086
4.404863,0.963101
4.409863,0.291558
4.414863,0.626109
4.419862,-0.307154
4.424862,-0.398407
4.429862,-0.009458
4.434861,-1.262066
4.439861,0.552320
4.444860,-0.173492
4.449860,0.545096
4.454860,-0.433201
4.459859,-0.246759
4.464859,0.673583
4.469859,0.032791
4.474858,-0.771589
4.479858,-0.607103
4.484858,-0.747911
4.489857,-0.376625
4.494857,-0.477870
4.499856,0.591853
4.504856,0.234942
4.509856,0.229250
4.514855,-0.442819
4.519855,-0.473934
4.524855,-0.056020
4.529854,-0.159946
4.534854,-0.468068
4.539854,-0.959548
4.544853,0.674043
4.549853,0.036853
4.554852,-0.462340
4.559852,-0.171072
4.564852,-0.065517
4.569851,0.125831
4.574851,-0.523640
4.579851,0.724471
4.584850,-0.396327
4.589850,-0.192282
4.594850,1.490419
4.599849,-0.656945
4.604849,-0.346269
4.609848,0.820113
4.614848,0.200683
4.619848,-0.430161
4.624847,-0.032028
4.629847,0.054846
4.634847,0.293659
4.639846,-0.088951
4.644846,0.355047
4.649846,-0.107910
4.654845,-0.767384
4.659845,0.156128
4.664845,-0.364582
4.669844,0.137693
4.674844,0.236361
4.679843,0.231472
4.684843,-0.331093
4.689843,1.273607
4.694842,-0.737568
4.699842,-0.692606
4.704842,-1.053120
4.709841,0.060506
4.714841,-0.818220
4.719841,0.616681
4.724840,-0.956105
4.729840,-0.717142
4.734839,0.173340
4.739839,0.333977
4.744839,-0.565200
4.749838,-0.280115
4.754838,0.355499
4.759838,0.125459
4.764837,-0.200334
4.769837,-0.015663
4.774837,0.047481
4.779836,-0.290809
4.784836,-1.326866
4.789835,-0.319850
4.794835,-0.011587
4.799835,0.492681
4.804834,0.290836
4.809834,-0.163476
4.814834,-0.225099
4.819833,0.241644
4.824833,0.852820
4.829833,-0.532718
4.834832,-0.631184
4.839832,0.159454
4.844831,0.308811
4.849831,0.279954
4.854831,-0.379179
4.859830,-0.418263
4.864830,0.172053
4.869830,-0.393941
4.874829,0.607700
4.879829,-0.433111
4.884829,0.542182
4.889828,0.081232
4.894828,0.613849
4.899827,-0.082634
4.904827,-0.010450
4.909827,0.037340
4.914826,1.088314
4.919826,-0.065044
4.924826,-0.079168
4.929825,-0.224091
4.934825,0.859928
4.939825,-0.817595
4.944824,-0.252275
4.949824,0.059860
4.954823,-0.317192
4.959823,0.669580
4.964823,0.392889
4.969822,0.473529
4.974822,0.179792
4.979822,-0.126125
4.984821,-0.890799
4.989821,0.186848
4.994821,-0.322298
4.999820,-0.374457
5.004820,0.130676
5.009820,-0.382977
5.014819,-0.533682
5.019819,0.294119
5.024818,-0.412314
5.029818,0.006637
5.034818,-0.424183
5.039817,0.767789
5.044817,0.406264
5.049817,0.723838
5.054816,0.120151
5.059816,-0.015951
5.064816,0.450880
5.069815,-0.328514
5.074815,0.301766
5.079814,-0.270976
5.084814,0.315742
5.089814,-0.623384
5.094813,-0.155186
5.099813,0.128493
5.104813,-0.170693
5.109812,-0.169839
5.114812,-0.268733
5.119812,-0.125656
5.124811,0.349196
5.129811,0.182124
5.134810,0.527107
5.139810,-0.297703
5.144810,-0.594511
5.149809,0.160532
5.154809,-0.961118
5.159809,0.790133
5.164808,0.548174
5.169808,0.078233
5.174808,0.380406
5.179807,-0.796146
5.184807,-0.354527
5.189806,0.593238
5.194806,0.069143
5.199806,0.668742
5.204805,0.124917
5.209805,0.040062
5.214805,-1.396499
5.219804,0.514852
5.224804,-0.675435
5.229804,0.177035
5.234803,-0.447698
5.239803,0.670267
5.244802,-0.018278
5.249802,0.018738
5.254802,-0.330896
5.259801,0.068435
5.264801,0.179268
5.269801,-0.366964
5.274800,0.068866
5.279800,0.486722
5.284800,0.094485
5.289799,0.292478
5.294799,0.599353
5.299798,-0.129005
5.304798,-0.946151
5.309798,0.509213
5.314797,-0.018905
5.319797,-0.732409
5.324797,-0.194783
5.329796,0.254407
5.334796,0.388083
5.339796,-0.000757
5.344795,-0.397904
5.349795,0.318519
5.354795,-1.079637
5.359794,0.063453
5.364794,0.873918
5.369793,0.877838
5.374793,0.305513
5.379793,-0.207502
5.384792,0.676437
5.389792,0.727504
5.394792,-0.578411
5.399791,-0.087317
5.404791,0.023448
5.409791,0.360747
5.414790,0.335129
5.419790,0.727320
5.424789,-0.428992
5.429789,0.381538
5.434789,0.014551
5.439788,-0.433991
5.444788,-0.695530
5.449788,-0.021055
5.454787,0.464527
5.459787,-1.116250
5.464787,0.701376
5.469786,-0.171807
5.474786,0.007250
5.479785,-0.754923
5.484785,0.423217
5.489785,-0.173595
5.494784,0.573699
5.499784,-0.193152
5.504784,0.190578
5.509783,-0.029234
5.514783,0.477385
5.519783,-0.356254
5.524782,1.015547
5.529782,0.485184
5.534781,-0.364401
5.539781,0.098336
5.544781,-0.179259
5.549780,-1.379432
5.554780,0.140721
5.559780,-0.167134
5.564779,-0.040370
5.569779,-0.222652
5.574779,-0.302070
5.579778,-0.523993
5.584778,-0.503298
5.589777,-0.579757
5.594777,0.165488
5.599777,0.059678
5.604776,-0.041749
5.609776,-0.285664
5.614776,-0.022550
5.619775,-1.214682
5.624775,-0.057581
5.629775,-0.293140
5.634774,0.095280
5.639774,-0.031582
5.644773,0.073711
5.649773,-0.540186
5.654773,0.402297
5.659772,0.215165
5.664772,-0.117835
5.669772,-0.693521
5.674771,0.081396
5.679771,-0.132426
5.684771,1.184050
5.689770,-0.267522
5.694770,0.589607
5.699769,0.532276
5.704769,-0.402289
5.709769,-1.295418
5.714768,1.024207
5.719768,-0.601228
5.724768,0.697613
5.729767,-0.111134
5.734767,-0.028856
5.739767,0.374682
5.744766,-0.584632
5.749766,-0.357049
5.754766,-0.702814
5.759765,0.173598
5.764765,-0.552974
5.769764,-0.416435
5.774764,-0.069157
5.779764,0.372078
5.784763,1.188520
5.789763,-0.593338
5.794763,0.268215
5.799762,0.020797
5.804762,-0.058303
5.809762,0.338734
5.814761,0.353609
5.819761,-0.580484
5.824760,0.233371
5.829760,0.213790
5.834760,-0.327530
5.839759,0.055621
5.844759,0.359315
5.849759,0.611905
5.854758,0.753480
5.859758,-1.128375
5.864758,0.147388
5.869757,1.402256
5.874757,-0.385605
5.879756,-0.589926
5.884756,0.759203
5.889756,0.304169
5.894755,0.555714
5.899755,0.252608
5.904755,-0.521736
5.909754,0.077585
5.914754,-0.666034
5.919754,0.217310
5.924753,0.356205
5.929753,-0.031131
5.934752,0.308011
5.939752,-0.132455
5.944752,0.103909
5.949751,-0.356568
5.954751,0.220125
5.959751,-0.401938
5.964750,-0.126106
5.969750,-0.158301
5.974750,-0.405893
5.979749,-0.447678
5.984749,-0.092459
5.989748,-0.361850
5.994748,0.224448
5.999748,0.633560
6.004747,0.912495
6.009747,0.796991
6.014747,-1.115665
6.019746,-0.238715
6.024746,0.293421
6.029746,-0.767131
6.034745,-0.167538
6.039745,0.375623
6.044744,0.092697
6.049744,-0.061064
6.054744,-0.307865
6.059743,-0.678463
6.064743,-0.181651
6.069743,0.680952
6.074742,-1.011118
6.079742,-0.558886
6.084742,-1.115457
6.089741,0.455669
6.094741,-0.290935
6.099741,-0.448919
6.104740,-0.118791
6.109740,-0.316123
6.114739,0.631197
6.119739,0.750125
6.124739,-1.145563
6.129738,-0.565024
6.134738,0.647343
6.139738,-0.253286
6.144737,0.153802
6.149737,0.122326
6.154737,-1.232547
6.159736,-1.141151
6.164736,0.322584
6.169735,-0.542469
6.174735,-0.195399
6.179735,0.323296
6.184734,0.332390
6.189734,-1.822378
6.194734,0.120261
6.199733,0.041309
6.204733,0.281871
6.209733,0.219048
6.214732,-0.182909
6.219732,0.368554
6.224731,0.033542
6.229731,0.248469
6.234731,0.177846
6.239730,-0.294792
6.244730,0.773824
6.249730,0.303502
6.254729,0.814236
6.259729,0.148126
6.264729,-0.169206
6.269728,0.065319
6.274728,0.647095
6.279727,0.697084
6.284727,0.296111
6.289727,-0.150615
6.294726,0.415961
6.299726,-0.115539
6.304726,-0.050083
6.309725,-0.275158
6.314725,0.530644
6.319725,-0.444280
6.324724,0.794940
6.329724,-0.069102
6.334723,-0.640464
6.339723,0.296187
6.344723,-0.940605
6.349722,0.002220
6.354722,-0.136004
6.359722,-0.766886
6.364721,-0.545170
6.369721,-0.235432
6.374721,0.036939
6.379720,-0.249317
6.384720,-0.883891
6.389719,1.000154
6.394719,-0.041284
6.399719,-0.013599
6.404718,-0.405895
6.409718,-0.013607
6.414718,0.245884
6.419717,-0.243247
6.424717,-0.023644
6.429717,-0.062503
6.434716,-0.240532
6.439716,-0.133015
6.444715,0.070819
6.449715,-0.031922
6.454715,-0.646432
6.459714,-0.142658
6.464714,-0.545200
6.469714,-0.023303
6.474713,0.954950
6.479713,0.041788
6.484713,-0.175739
6.489712,0.552502
6.494712,-0.509758
6.499712,-0.174666
6.504711,0.264003
6.509711,0.074763
6.514710,0.231192
6.519710,-0.553935
6.524710,0.136936
6.529709,0.975675
6.534709,0.407033
6.539709,0.032759
6.544708,-0.220626
6.549708,0.185819
6.554708,0.482597
6.559707,-0.139541
6.564707,0.202802
6.569706,-0.482895
6.574706,0.500423
6.579706,0.516799
6.584705,0.108998
6.589705,-0.073443
6.594705,-0.274439
6.599704,-0.067157
6.604704,0.298089
6.609704,-0.231081
6.614703,-0.526946
6.619703,0.536403
6.624702,0.040537
6.629702,-0.299273
6.634702,0.071389
6.639701,0.975188
6.644701,0.379860
6.649701,0.116840
6.654700,-0.327579
6.659700,0.646725
6.664700,-0.576975
6.669699,-0.508407
6.674699,-0.033076
6.679698,0.048999
6.684698,0.677862
6.689698,-0.353460
6.694697,0.181539
6.699697,0.774382
6.704697,0.710646
6.709696,-0.119167
6.714696,-0.041377
6.719696,-0.167091
6.724695,0.214436
6.729695,0.845786
6.734694,0.190519
6.739694,-0.107051
6.744694,-0.360622
6.749693,1.012008
6.754693,-0.284005
6.759693,-0.247242
6.764692,0.621277
6.769692,-1.080237
6.774692,0.046322
6.779691,0.215307
6.784691,-0.062071
6.789690,0.686020
6.794690,-0.000493
6.799690,0.257342
6.804689,-0.419482
6.809689,-0.053272
6.814689,0.312199
6.819688,0.481637
6.824688,0.235684
6.829688,-0.059704
6.834687,-0.911013
6.839687,-0.653871
6.844687,0.780707
6.849686,0.209118
6.854686,-0.085791
6.859685,-1.638935
6.864685,0.263203
6.869685,-1.061171
6.874684,0.369265
6.879684,-0.676547
6.884684,-0.834250
6.889683,-0.016279
6.894683,-0.999972
6.899683,0.331609
6.904682,-0.303903
6.909682,0.085358
6.914681,-0.299243
6.919681,-0.549058
6.924681,-0.254939
6.929680,0.295329
6.934680,0.045065
6.939680,0.464299
6.944679,0.532404
6.949679,-0.175433
6.954679,0.259711
6.959678,-0.083337
6.964678,0.555978
6.969677,-0.442243
6.974677,0.246068
6.979677,-1.243134
6.984676,-0.666825
6.989676,-0.365766
6.994676,-0.030631
6.999675,-0.253522
7.004675,-0.580413
7.009675,-1.120706
7.014674,-0.355101
7.019674,0.125672
7.024673,-0.756293
7.029673,0.133029
7.034673,0.006346
7.039672,-1.203408
7.044672,0.249087
7.049672,0.564028
7.054671,-0.287825
7.059671,0.000280
7.064671,0.972943
7.069670,0.371639
7.074670,0.594477
7.079669,0.113141
7.084669,0.019454
7.089669,0.523077
7.094668,-0.102691
7.099668,-0.930703
7.104668,0.612568
7.109667,0.022998
7.114667,0.085284
7.119667,0.578379
7.124666,0.125308
7.129666,0.042216
7.134665,-0.424684
7.139665,0.464248
7.144665,-0.220012
7.149664,-0.479413
7.154664,-0.058424
7.159664,0.075780
7.164663,0.196208
7.169663,-0.272944
7.174663,0.057244
7.179662,-0.144296
7.184662,0.081874
7.189662,0.664858
7.194661,0.191374
7.199661,-0.491522
7.204660,0.103355
7.209660,-0.113037
7.214660,0.144900
7.219659,-0.301914
7.224659,-0.143910
7.229659,1.023861
7.234658,0.421772
7.239658,-0.718527
7.244658,0.476821
7.249657,0.188342
7.254657,-0.069301
7.259656,0.416537
7.264656,-0.010092
7.269656,-0.811690
7.274655,-0.462816
7.279655,-0.018687
7.284655,0.274607
7.289654,0.348109
7.294654,0.591164
7.299654,0.145359
7.304653,0.215969
7.309653,-0.497543
7.314652,-0.481672
7.319652,-0.894404
7.324652,-1.122013
7.329651,-0.390823
7.334651,-0.402490
7.339651,0.929034
7.344650,-0.422449
7.349650,-0.922874
7.354650,-0.213282
7.359649,0.438413
7.364649,-0.841998
7.369648,-0.375830
7.374648,-0.573999
7.379648,-0.407935
7.384647,0.914112
7.389647,0.033637
7.394647,-0.426950
7.399646,0.264203
7.404646,0.609570
7.409646,-0.306183
7.414645,0.325204
7.419645,0.424305
7.424644,-0.047153
7.429644,0.032564
7.434644,0.321146
7.439643,0.305825
7.444643,0.114060
7.449643,-0.323136
7.454642,0.744413
7.459642,1.021752
7.464642,0.920254
7.469641,-0.692151
7.474641,-0.413430
7.479640,-0.354433
7.484640,-0.354003
7.489640,-0.131619
7.494639,-1.034652
7.499639,0.894046
7.504639,-0.133300
7.509638,-0.218045
7.514638,-0.050911
7.519638,-0.014741
7.524637,0.010338
7.529637,0.474045
7.534636,0.138125
7.539636,-0.749835
7.544636,-0.653837
7.549635,-0.276831
7.554635,-0.522125
7.559635,0.210786
7.564634,-0.096182
7.569634,-0.389706
7.574634,0.399951
7.579633,0.574976
7.584633,-0.217290
7.589633,0.153106
7.594632,0.263263
7.599632,-0.367295
7.604631,0.009177
7.609631,0.957041
